2.2506382999708876
0.6263513999874704
0.6248085999977775
0.6248834000434726
0.6201481000171043
0.6832560999901034
0.6225661000353284
0.6203115999815054
0.6379064000211656
0.6246647000079975
0.6353082000277936
0.6351069000083953
0.6185493999510072
0.638546000001952
0.6208248999901116
0.6254469999694265
0.6447481999639422
0.6925601999973878
0.6968918000347912
0.6402805999969132
0.6366738000069745
0.644189800019376
0.6565452000359073
0.6393751000287011
0.6447578000370413
0.6217447000090033
0.6311439999844879
0.6277851000195369
0.6415425999439321
0.6374135999940336
0.6457869000150822