2.022953499981668
0.6460656999843195
0.7732826000428759
0.6367381999734789
0.6353617000277154
0.633002300048247
0.6433444000431336
0.6390471000340767
0.6365277000004426
0.6345992999849841
0.6621352999936789
0.6428870999952778
0.6350263000349514
0.6349881999776699
0.6300465000094846
0.6353108999901451
0.6374729000381194
0.6320331000024453
0.6370695999939926
0.6337315000128001
0.6370051999692805
0.6314569999813102
0.6265108999796212
0.6318576000048779
0.6296934999991208
0.6313783000223339
0.6356613999814726
0.643919599999208
0.6574651999981143
0.6354548000381328
0.6373202999820933