1.7862249999889173
0.6263588999863714
0.6130991000100039
0.608123300014995
0.6153027999680489
0.6164869000203907
0.6229260000400245
0.6096777000348084
0.6106838999548927
0.6158975000143982
0.6162730000214651
0.6228341999812983
0.6058660999988206
0.603715299977921
0.6116126000415534
0.6451587000046857
0.6067816999857314
0.6070543000241742
0.6081142000039108
0.6013884000130929
0.6032800999819301
0.6160108000040054
0.614885899994988
0.6026711000013165
0.6079805000335909
0.6145233000279404
0.6329127000062726
0.6074117999523878
0.61424550000811
0.6152074999990873
0.6088779999990948