1.7932307999872137
0.6508700999838766
0.6151226999936625
0.6302303000120446
0.6877936000237241
0.6743675999750849
0.6335548000060953
0.6242273999960162
0.6416571000008844
0.617360899981577
0.640885500004515
0.6148053000215441
0.6318678999959957
0.6212766999960877
0.6270456000056583
0.6353903999843169
0.6273468999715988
0.6194761999940965
0.6156044999952428
0.6252001000102609
0.6227712999971118
0.6272986000112724
0.626330400002189
0.6222093000251334
0.618400199979078
0.621346200001426
0.6284862000029534
0.6135317000153009
0.6082028999808244
0.6202312000095844
0.6270369999983814