1.917571300000418
0.6669457000098191
0.658724200038705
0.6661468999809586
0.6519944000174291
0.6892092000343837
0.6564284999622032
0.6510101999738254
0.6701688999892212
0.6786177000030875
0.6769669000059366
0.6493477000040002
0.6693283000495285
0.6611341000534594
0.6695489999838173
0.6442755999742076
0.6651142000337131
0.7148439000011422
0.6618044000351802
0.6700232999864966
0.6575379999703728
0.654502900026273
0.6547946999780834
0.6474946000380442
0.6642909999936819
0.6863496999721974
0.6502269999473356
0.6430009999894537
0.6808825000189245
0.6813585000345483
0.6296585000236519