2.2790422999532893
0.6910264999605715
0.6924594999873079
0.694611500017345
0.6942165000364184
0.6942431000061333
0.6947342999628745
0.691643700003624
0.6957310999860056
0.6937137999921106
0.6935810999711975
0.6923786000115797
0.6972253000130877
0.6914001000113785
0.6947319000028074
0.6962956999777816
0.6954388999729417
0.6911857999511994
0.6928340999875218
0.6926693000132218
0.6959745000349358
0.7094230999937281
0.6905775999766774
0.691980900010094
0.6935139000415802
0.6916806999943219
0.6961665999842808
0.6904627999756485
0.6963640000321902
0.6932414999464527
0.692060700035654