1.9717751999851316
0.6435099000227638
0.6478254999965429
0.6461998000158928
0.6402454000199214
0.6438653000514023
0.6605338000226766
0.6447409000247717
0.6406848999904469
0.6427507000043988
0.6441322999889962
0.6444861000054516
0.645656299951952
0.6444667999749072
0.6466567000024952
0.6440771000343375
0.6404231000342406
0.6473035999806598
0.642840399988927
0.6442238000454381
0.6444397000013851
0.6457624000031501
0.6419756999821402
0.6420669000362977
0.6465237999800593
0.6433287000400014
0.6465785999898799
0.6468282999703661
0.6463789999834262
0.6481720999581739
0.6451523000141606