2.466216299973894
0.6680570999742486
0.6371633000089787
0.6201729000313208
0.6209434999618679
0.6313867000280879
0.621233600017149
0.6496180000249296
0.6269682999700308
0.6264748999965377
0.6344885999569669
0.6267632000381127
0.6332564000040293
0.6297590999747626
0.6256592000136152
0.6499873999855481
0.6267537999665365
0.6228629000252113
0.6158833000226878
0.6279558999813162
0.6263756999978796
0.6280562999891117
0.640166400000453
0.630777099984698
0.6356608999776654
0.6353760000201873
0.642327599984128
0.6223511999705806
0.6178565999725834
0.6251376000000164
0.6783842999720946