2.2772016000235453
0.647035300033167
0.6269625999848358
0.6474920999608003
0.6189998000045307
0.6373811999801546
0.6010796000482515
0.6402143000159413
0.628993000020273
0.6262330999597907
0.6314563999767415
0.6406352000194602
0.6280857999809086
0.6141644000308588
0.6116140999947675
0.6183590999571607
0.6227229000069201
0.6135649000061676
0.6140294999931939
0.6226465000072494
0.6242374000139534
0.6049256999976933
0.6143533999565989
0.6372749000438489
0.6295524000306614
0.6081032999791205
0.6621263999841176
0.6689658000250347
0.6745450000162236
0.6695794999832287
0.6467459999839775