0.651696200016886
0.6456635999493301
0.6496847000089474
0.6485151000088081
0.6463805999956094
0.6434873000252992
0.6508578000357375
0.6531398000079207
0.6518129999749362
0.6465718999970704
0.6474871999816969
0.6486177999759093
0.6464508000062779
0.6476830000174232
0.6474961999920197
0.6489391000359319
0.6499513000017032
0.6467628999962471
0.6477025999920443
0.65035720000742
0.6492160999914631
0.6506208999780938
0.6480151999858208
0.6575195000041276
0.6476372000179254
0.6675734000164084
0.6635759000200778
0.6477499000029638
0.6482963000307791
0.6474411999806762